 203 210 208 209 210 210 213 213 214 212 212 213 212 213 210 211
 210 213 182 187 191 189 189 178 194 193 196 193 203 185 216 218
 209 214 179 174 202 181 195 163 204 172 195 187 219 187 223 220
 210 211 185 185 182 188 198 206 196 208 198 195 200 194 221 221
 214 210 162 147 132 199 181 184 206 190 207 202 223 187 225 224
 215 216 163 145 163 212 195 197 204 194 197 201 225 194 228 227
 218 222 204 168 205 218 212 208 215 213 212 206 217 210 228 229
 219 225 225 219 231 229 227 224 231 226 222 223 228 226 231 231
 221 227 230 233 234 235 236 237 238 238 238 237 236 235 235 231
 221 209 155 186 233 232 173 162 235 227 187 237 210 156 215 232
 210  85 130  70 195 151  97 104 134 167  54 208  74 125  65 215
 181 112 229 155 127  80 219 231  67 234  64 155 139 236 118 157
 178 114 230 162 135  59 227 237  70 235  63 147 150 238 140 160
 208  74 161  87 188 114 123 146 112 238  60 199  72 178  69 208
 227 192 112 162 235 227 132 132 220 243 123 240 172 110 179 238
 227 233 233 234 237 242 241 242 242 242 242 241 243 242 243 241
 210 211 209 210 211 210 212 213 213 212 211 213 213 212 209 212
 210 209 165 168 177 175 177 162 180 172 187 177 200 169 210 214
 212 212 163 157 192 169 182 144 195 148 185 168 214 158 216 217
 215 209 178 173 171 178 195 199 187 201 188 186 192 181 217 219
 216 206 150 137 126 198 165 159 206 171 199 184 215 164 221 222
 219 216 149 133 156 212 178 180 201 180 187 183 221 176 224 222
 220 219 198 158 204 213 208 201 207 206 202 200 212 208 225 226
 219 220 222 213 226 223 222 219 226 223 218 221 225 222 228 228
 223 223 224 228 228 229 230 231 231 232 231 232 231 231 230 229
 222 201 132 171 227 226 157 144 231 222 170 233 201 139 209 230
 214  59 120  50 189 132  85  91 116 142  37 205  55 123  55 216
 169  97 229 139 114  55 218 230  44 234  37 137 127 235 105 149
 164  98 229 140 126  36 225 236  35 232  32 127 140 237 121 149
 207  50 154  68 182  91 118 133  94 242  37 198  58 172  48 210
 229 181  95 152 235 221 112 114 216 240  91 241 162  94 174 240
 232 233 234 235 236 238 239 239 239 241 241 241 242 242 243 242
 190 190 189 190 192 191 193 193 194 192 192 193 193 193 190 192
 190 187 164 163 171 171 167 158 173 173 177 169 182 168 193 194
 195 191 161 151 183 164 172 149 184 153 179 164 199 168 198 195
 197 189 165 164 163 171 179 188 173 189 174 175 181 177 198 195
 199 186 147 136 127 183 167 166 186 167 182 181 199 168 199 198
 199 191 147 136 151 195 175 179 184 171 174 183 198 177 203 201
 202 196 179 151 190 194 187 185 190 190 189 180 194 188 204 204
 203 197 199 191 205 200 199 197 204 201 198 199 203 202 205 205
 203 201 202 204 204 205 206 209 208 208 208 209 209 209 208 206
 205 183 141 174 206 203 156 154 210 201 169 212 190 155 198 207
 192  84 134  85 186 134 113 116 146 154  87 194 101 144  99 202
 161 126 206 139 139  90 208 206  89 215  84 157 152 211 124 158
 159 126 209 145 143  78 214 209  87 217  81 146 157 213 139 163
 192  89 161  99 182 117 141 143 132 215  82 186  98 171  89 194
 210 172 121 164 214 203 133 139 204 216 124 216 164 119 172 212
 211 209 211 211 212 214 214 213 216 216 216 215 216 215 214 214

 211 218 220 221 224 227 229 231 231 232 215 157 160 208 238 241
 210 216 223 221 225 228 228 231 235 215  65 118 140  69 179 243
 213 185 187 194 187 194 210 226 235 156 125 236 238 178 110 242
 212 203 219 200 223 225 217 228 236 210  74 139 150  72 172 243
 213 193 187 195 202 201 206 223 237 237 208 155 147 199 240 241
 212 196 195 198 207 197 212 222 238 187  54  64  63  60 123 242
 212 193 172 208 190 194 213 226 238 227 167 234 235 238 243 242
 214 194 204 196 206 204 215 231 238 235 134  67  70 112 220 242
 213 178 163 206 184 197 208 224 237 162 104 231 237 146 132 242
 213 189 195 198 181 195 212 227 236 173  97 219 227 123 132 241
 210 189 181 188 199 212 218 229 235 232 151  80  59 114 227 242
 210 191 202 182 132 163 205 231 234 233 195 127 135 188 235 237
 209 187 174 185 147 145 168 219 233 186  70 155 162  87 162 234
 208 182 179 185 162 163 204 225 230 155 130 229 230 161 112 233
 210 213 214 211 210 216 222 225 227 209  85 112 114  74 192 233
 203 210 209 210 214 215 218 219 221 221 210 181 178 208 227 227
 212 214 217 219 222 222 226 228 229 230 216 149 149 210 240 242
 209 210 216 217 221 224 225 228 230 209  55 105 121  48 174 243
 212 169 158 181 164 176 208 222 231 139 123 235 237 172  94 242
 213 200 214 192 215 221 212 225 231 201  55 127 140  58 162 242
 213 177 168 186 184 183 200 221 232 233 205 137 127 198 241 241
 211 187 185 188 199 187 202 218 231 170  37  37  32  37  91 241
 212 172 148 201 171 180 206 223 232 222 142 234 232 242 240 241
 213 180 195 187 206 201 207 226 231 231 116  44  35  94 216 239
 213 162 144 199 159 180 201 219 231 144  91 230 236 133 114 239
 212 177 182 195 165 178 208 222 230 157  85 218 225 118 112 239
 210 175 169 178 198 212 213 223 229 226 132  55  36  91 221 238
 211 177 192 171 126 156 204 226 228 227 189 114 126 182 235 236
 210 168 157 173 137 133 158 213 228 171  50 139 140  68 152 235
 209 165 163 178 150 149 198 222 224 132 120 229 229 154  95 234
 211 209 212 209 206 216 219 220 223 201  59  97  98  50 181 233
 210 210 212 215 216 219 220 219 223 222 214 169 164 207 229 232
 192 194 195 195 198 201 204 205 206 207 202 158 163 194 212 214
 190 193 198 198 199 203 204 205 208 198  99 124 139  89 172 214
 193 168 168 177 168 177 188 202 209 155 144 211 213 171 119 215
 193 182 199 181 199 198 194 203 209 190 101 152 157  98 164 216
 193 169 164 175 181 183 180 199 209 212 194 157 146 186 216 215
 192 177 179 174 182 174 189 198 208 169  87  84  81  82 124 216
 192 173 153 189 167 171 190 201 208 201 154 215 217 215 216 216
 194 173 184 173 186 184 190 204 208 210 146  89  87 132 204 216
 193 158 149 188 166 179 185 197 209 154 116 206 209 143 139 213
 193 167 172 179 167 175 187 199 206 156 113 208 214 141 133 214
 191 171 164 171 183 195 194 200 205 203 134  90  78 117 203 214
 192 171 183 163 127 151 190 205 204 206 186 139 143 182 214 212
 190 163 151 164 136 136 151 191 204 174  85 139 145  99 164 211
 189 164 161 165 147 147 179 199 202 141 134 206 209 161 121 211
 190 187 191 189 186 191 196 197 201 183  84 126 126  89 172 209
 190 190 195 197 199 199 202 203 203 205 192 161 159 192 210 211

 241 243 242 243 241 242 242 242 242 241 242 237 234 233 233 227
 238 179 110 172 240 123 243 220 132 132 227 235 162 112 192 227
 208  69 178  72 199  60 238 112 146 123 114 188  87 161  74 208
 160 140 238 150 147  63 235  70 237 227  59 135 162 230 114 178
 157 118 236 139 155  64 234  67 231 219  80 127 155 229 112 181
 215  65 125  74 208  54 167 134 104  97 151 195  70 130  85 210
 232 215 156 210 237 187 227 235 162 173 232 233 186 155 209 221
 231 235 235 236 237 238 238 238 237 236 235 234 233 230 227 221
 231 231 226 228 223 222 226 231 224 227 229 231 219 225 225 219
 229 228 210 217 206 212 213 215 208 212 218 205 168 204 222 218
 227 228 194 225 201 197 194 204 197 195 212 163 145 163 216 215
 224 225 187 223 202 207 190 206 184 181 199 132 147 162 210 214
 221 221 194 200 195 198 208 196 206 198 188 182 185 185 211 210
 220 223 187 219 187 195 172 204 163 195 181 202 174 179 214 209
 218 216 185 203 193 196 193 194 178 189 189 191 187 182 213 210
 211 210 213 212 213 212 212 214 213 213 210 210 209 208 210 203
 242 243 242 242 241 241 241 239 239 239 238 236 235 234 233 232
 240 174  94 162 241  91 240 216 114 112 221 235 152  95 181 229
 210  48 172  58 198  37 242  94 133 118  91 182  68 154  50 207
 149 121 237 140 127  32 232  35 236 225  36 126 140 229  98 164
 149 105 235 127 137  37 234  44 230 218  55 114 139 229  97 169
 216  55 123  55 205  37 142 116  91  85 132 189  50 120  59 214
 230 209 139 201 233 170 222 231 144 157 226 227 171 132 201 222
 229 230 231 231 232 231 232 231 231 230 229 228 228 224 223 223
 228 228 222 225 221 218 223 226 219 222 223 226 213 222 220 219
 226 225 208 212 200 202 206 207 201 208 213 204 158 198 219 220
 222 224 176 221 183 187 180 201 180 178 212 156 133 149 216 219
 222 221 164 215 184 199 171 206 159 165 198 126 137 150 206 216
 219 217 181 192 186 188 201 187 199 195 178 171 173 178 209 215
 217 216 158 214 168 185 148 195 144 182 169 192 157 163 212 212
 214 210 169 200 177 187 172 180 162 177 175 177 168 165 209 210
 212 209 212 213 213 211 212 213 213 212 210 211 210 209 211 210
 214 214 215 216 215 216 216 216 213 214 214 212 211 211 209 211
 212 172 119 164 216 124 216 204 139 133 203 214 164 121 172 210
 194  89 171  98 186  82 215 132 143 141 117 182  99 161  89 192
 163 139 213 157 146  81 217  87 209 214  78 143 145 209 126 159
 158 124 211 152 157  84 215  89 206 208  90 139 139 206 126 161
 202  99 144 101 194  87 154 146 116 113 134 186  85 134  84 192
 207 198 155 190 212 169 201 210 154 156 203 206 174 141 183 205
 206 208 209 209 209 208 208 208 209 206 205 204 204 202 201 203
 205 205 202 203 199 198 201 204 197 199 200 205 191 199 197 203
 204 204 188 194 180 189 190 190 185 187 194 190 151 179 196 202
 201 203 177 198 183 174 171 184 179 175 195 151 136 147 191 199
 198 199 168 199 181 182 167 186 166 167 183 127 136 147 186 199
 195 198 177 181 175 174 189 173 188 179 171 163 164 165 189 197
 195 198 168 199 164 179 153 184 149 172 164 183 151 161 191 195
 194 193 168 182 169 177 173 173 158 167 171 171 163 164 187 190
 192 190 193 193 193 192 192 194 193 193 191 192 190 189 190 190

 227 227 208 178 181 210 221 221 219 218 215 214 210 209 210 203
 233 192  74 114 112  85 209 227 225 222 216 210 211 214 213 210
 233 112 161 230 229 130 155 230 225 204 163 162 185 179 182 208
 234 162  87 162 155  70 186 233 219 168 145 147 185 174 187 209
 237 235 188 135 127 195 233 234 231 205 163 132 182 202 191 210
 242 227 114  59  80 151 232 235 229 218 212 199 188 181 189 210
 241 132 123 227 219  97 173 236 227 212 195 181 198 195 189 213
 242 132 146 237 231 104 162 237 224 208 197 184 206 163 178 213
 242 220 112  70  67 134 235 238 231 215 204 206 196 204 194 214
 242 243 238 235 234 167 227 238 226 213 194 190 208 172 193 212
 242 123  60  63  64  54 187 238 222 212 197 207 198 195 196 212
 241 240 199 147 155 208 237 237 223 206 201 202 195 187 193 213
 243 172  72 150 139  74 210 236 228 217 225 223 200 219 203 212
 242 110 178 238 236 125 156 235 226 210 194 187 194 187 185 213
 243 179  69 140 118  65 215 235 231 228 228 225 221 223 216 210
 241 238 208 160 157 215 232 231 231 229 227 224 221 220 218 211
 232 229 207 164 169 214 222 223 219 220 219 216 215 212 210 210
 233 181  50  98  97  59 201 223 220 219 216 206 209 212 209 211
 234  95 154 229 229 120 132 224 222 198 149 150 178 163 165 209
 235 152  68 140 139  50 171 228 213 158 133 137 173 157 168 210
 236 235 182 126 114 189 227 228 226 204 156 126 171 192 177 211
 238 221  91  36  55 132 226 229 223 213 212 198 178 169 175 210
 239 112 118 225 218  85 157 230 222 208 178 165 195 182 177 212
 239 114 133 236 230  91 144 231 219 201 180 159 199 144 162 213
 239 216  94  35  44 116 231 231 226 207 201 206 187 195 180 213
 241 240 242 232 234 142 222 232 223 206 180 171 201 148 172 212
 241  91  37  32  37  37 170 231 218 202 187 199 188 185 187 211
 241 241 198 127 137 205 233 232 221 200 183 184 186 168 177 213
 242 162  58 140 127  55 201 231 225 212 221 215 192 214 200 213
 242  94 172 237 235 123 139 231 222 208 176 164 181 158 169 212
 243 174  48 121 105  55 209 230 228 225 224 221 217 216 210 209
 242 240 210 149 149 216 230 229 228 226 222 222 219 217 214 212
 211 210 192 159 161 192 205 203 203 202 199 199 197 195 190 190
 209 172  89 126 126  84 183 201 197 196 191 186 189 191 187 190
 211 121 161 209 206 134 141 202 199 179 147 147 165 161 164 189
 211 164  99 145 139  85 174 204 191 151 136 136 164 151 163 190
 212 214 182 143 139 186 206 204 205 190 151 127 163 183 171 192
 214 203 117  78  90 134 203 205 200 194 195 183 171 164 171 191
 214 133 141 214 208 113 156 206 199 187 175 167 179 172 167 193
 213 139 143 209 206 116 154 209 197 185 179 166 188 149 158 193
 216 204 132  87  89 146 210 208 204 190 184 186 173 184 173 194
 216 216 215 217 215 154 201 208 201 190 171 167 189 153 173 192
 216 124  82  81  84  87 169 208 198 189 174 182 174 179 177 192
 215 216 186 146 157 194 212 209 199 180 183 181 175 164 169 193
 216 164  98 157 152 101 190 209 203 194 198 199 181 199 182 193
 215 119 171 213 211 144 155 209 202 188 177 168 177 168 168 193
 214 172  89 139 124  99 198 208 205 204 203 199 198 198 193 190
 214 212 194 163 158 202 207 206 205 204 201 198 195 195 194 192

