 164 171 171 168 169 165 168 168 168 163 158 166 165 163 161 158
 178 178 130 132 148 143 142 117 136 143 149 136 133 127 173 176
 180 181 123 121 153 129 142  93 140 110 157 125 149 141 179 177
 184 182 136 136 125 127 149 159 147 158 142 147 143 138 179 179
 179 177 105  75  56 141 132 119 159 122 153 162 166 146 179 179
 182 189  87  70  89 169 143 144 158 124 141 162 158 152 184 184
 185 191 154  91 158 179 163 163 159 156 147 149 165 162 184 185
 186 192 192 173 192 189 184 183 186 180 177 174 182 180 187 185
 186 194 194 194 194 194 195 193 192 193 192 190 190 190 189 186
 186 194 182 124 144 194 195 136 117 188 185 137 186 144 179 187
 191 197  69  78  46 128 129  51  69  70 115  20 113  21 170 190
 191 179  37 192 145  61  57 149 191  31 174  25 182  30 165 190
 193 174  40 196 154  55  47 164 198  44 171  28 182  40 167 191
 193 200  47 112  76 110 106  75 110  54 193  23 186  37 167 192
 195 202 173  86 105 196 194 104  85 173 197  82 188  89 176 192
 194 201 201 199 198 199 198 197 197 196 195 195 195 193 192 192
 170 171 171 169 169 165 168 168 169 165 159 165 164 163 160 155
 178 177 118 124 138 132 130 108 128 130 143 128 126 121 173 174
 181 179 113 112 146 124 138  90 133 104 160 114 144 136 176 175
 183 177 128 122 115 117 141 153 140 156 133 137 130 128 176 179
 181 171  94  65  48 141 121 110 150 113 144 159 160 137 181 181
 183 187  79  61  82 169 132 138 150 119 130 161 154 146 182 181
 184 189 146  87 155 175 160 158 153 151 143 143 158 156 183 183
 188 190 190 172 191 187 182 183 186 179 175 172 179 178 186 183
 189 192 192 192 192 192 193 192 192 192 191 190 189 188 186 184
 190 194 181 117 143 193 193 128 114 186 185 132 183 138 175 186
 192 195  54  76  40 129 120  45  67  69 111  11 107  13 167 189
 194 174  26 197 141  59  47 154 193  24 179  16 182  24 164 187
 196 168  33 199 149  50  41 166 198  32 172  15 184  32 168 189
 197 199  38 112  66 107 104  75 106  45 195  10 192  30 172 192
 199 201 170  82 103 197 194 101  84 173 197  76 191  87 176 194
 199 201 200 201 200 200 200 199 199 199 197 197 197 196 194 194
 176 171 170 167 167 163 167 167 167 163 158 165 164 163 163 160
 180 172 134 133 145 145 137 123 136 144 150 140 134 134 174 175
 185 176 134 125 153 141 140 112 138 120 166 133 153 151 177 175
 186 176 140 136 126 131 149 156 150 157 146 154 144 144 176 176
 182 169 110  86  76 149 131 125 153 134 150 165 163 154 178 177
 185 181  97  82 103 173 146 149 155 135 141 165 156 158 181 178
 186 185 151 104 160 177 164 165 155 156 148 149 166 161 180 181
 189 186 186 172 187 184 179 179 181 175 173 170 178 175 182 180
 189 188 189 189 189 189 190 188 188 189 187 187 186 184 184 180
 188 189 176 127 150 188 188 136 127 185 181 141 183 149 175 181
 192 191  75  97  69 146 130  74  87  98 117  47 120  49 175 182
 195 169  64 193 148  88  71 165 184  59 177  52 180  56 171 184
 197 164  72 196 151  78  64 176 191  65 176  54 184  64 175 186
 198 193  67 134  88 132 116 107 121  82 189  47 190  61 175 188
 200 196 172 105 125 197 190 117 109 178 192 102 191 109 175 188
 197 194 194 194 193 194 193 191 193 192 191 190 190 189 188 186

 158 176 177 179 179 184 185 185 186 187 190 190 191 192 192 192
 161 173 179 179 179 184 184 187 189 179 170 165 167 167 176 192
 163 127 141 138 146 152 162 180 190 144  21  30  40  37  89 193
 165 133 149 143 166 158 165 182 190 186 113 182 182 186 188 195
 166 136 125 147 162 162 149 174 190 137  20  25  28  23  82 195
 158 149 157 142 153 141 147 177 192 185 115 174 171 193 197 195
 163 143 110 158 122 124 156 180 193 188  70  31  44  54 173 196
 168 136 140 147 159 158 159 186 192 117  69 191 198 110  85 197
 168 117  93 159 119 144 163 183 193 136  51 149 164  75 104 197
 168 142 142 149 132 143 163 184 195 195 129  57  47 106 194 198
 165 143 129 127 141 169 179 189 194 194 128  61  55 110 196 199
 169 148 153 125  56  89 158 192 194 144  46 145 154  76 105 198
 168 132 121 136  75  70  91 173 194 124  78 192 196 112  86 199
 171 130 123 136 105  87 154 192 194 182  69  37  40  47 173 201
 171 178 181 182 177 189 191 192 194 194 197 179 174 200 202 201
 164 178 180 184 179 182 185 186 186 186 191 191 193 193 195 194
 155 174 175 179 181 181 183 183 184 186 189 187 189 192 194 194
 160 173 176 176 181 182 183 186 186 175 167 164 168 172 176 194
 163 121 136 128 137 146 156 178 188 138  13  24  32  30  87 196
 164 126 144 130 160 154 158 179 189 183 107 182 184 192 191 197
 165 128 114 137 159 161 143 172 190 132  11  16  15  10  76 197
 159 143 160 133 144 130 143 175 191 185 111 179 172 195 197 197
 165 130 104 156 113 119 151 179 192 186  69  24  32  45 173 199
 169 128 133 140 150 150 153 186 192 114  67 193 198 106  84 199
 168 108  90 153 110 138 158 183 192 128  45 154 166  75 101 199
 168 130 138 141 121 132 160 182 193 193 120  47  41 104 194 200
 165 132 124 117 141 169 175 187 192 193 129  59  50 107 197 200
 169 138 146 115  48  82 155 191 192 143  40 141 149  66 103 200
 169 124 112 122  65  61  87 172 192 117  76 197 199 112  82 201
 171 118 113 128  94  79 146 190 192 181  54  26  33  38 170 200
 171 177 179 177 171 187 189 190 192 194 195 174 168 199 201 201
 170 178 181 183 181 183 184 188 189 190 192 194 196 197 199 199
 160 175 175 176 177 178 181 180 180 181 182 184 186 188 188 186
 163 174 177 176 178 181 180 182 184 175 175 171 175 175 175 188
 163 134 151 144 154 158 161 175 184 149  49  56  64  61 109 189
 164 134 153 144 163 156 166 178 186 183 120 180 184 190 191 190
 165 140 133 154 165 165 149 170 187 141  47  52  54  47 102 190
 158 150 166 146 150 141 148 173 187 181 117 177 176 189 192 191
 163 144 120 157 134 135 156 175 189 185  98  59  65  82 178 192
 167 136 138 150 153 155 155 181 188 127  87 184 191 121 109 193
 167 123 112 156 125 149 165 179 188 136  74 165 176 107 117 191
 167 137 140 149 131 146 164 179 190 188 130  71  64 116 190 193
 163 145 141 131 149 173 177 184 189 188 146  88  78 132 197 194
 167 145 153 126  76 103 160 187 189 150  69 148 151  88 125 193
 167 133 125 136  86  82 104 172 189 127  97 193 196 134 105 194
 170 134 134 140 110  97 151 186 189 176  75  64  72  67 172 194
 171 172 176 176 169 181 185 186 188 189 191 169 164 193 196 194
 176 180 185 186 182 185 186 189 189 188 192 195 197 198 200 197

 192 192 193 195 195 195 196 197 197 198 199 198 199 201 201 194
 192 176  89 188  82 197 173  85 104 194 196 105  86 173 202 195
 192 167  37 186  23 193  54 110  75 106 110  76 112  47 200 193
 191 167  40 182  28 171  44 198 164  47  55 154 196  40 174 193
 190 165  30 182  25 174  31 191 149  57  61 145 192  37 179 191
 190 170  21 113  20 115  70  69  51 129 128  46  78  69 197 191
 187 179 144 186 137 185 188 117 136 195 194 144 124 182 194 186
 186 189 190 190 190 192 193 192 193 195 194 194 194 194 194 186
 185 187 180 182 174 177 180 186 183 184 189 192 173 192 192 186
 185 184 162 165 149 147 156 159 163 163 179 158  91 154 191 185
 184 184 152 158 162 141 124 158 144 143 169  89  70  87 189 182
 179 179 146 166 162 153 122 159 119 132 141  56  75 105 177 179
 179 179 138 143 147 142 158 147 159 149 127 125 136 136 182 184
 177 179 141 149 125 157 110 140  93 142 129 153 121 123 181 180
 176 173 127 133 136 149 143 136 117 142 143 148 132 130 178 178
 158 161 163 165 166 158 163 168 168 168 165 169 168 171 171 164
 194 194 196 197 197 197 199 199 199 200 200 200 201 200 201 199
 194 176  87 191  76 197 173  84 101 194 197 103  82 170 201 199
 192 172  30 192  10 195  45 106  75 104 107  66 112  38 199 197
 189 168  32 184  15 172  32 198 166  41  50 149 199  33 168 196
 187 164  24 182  16 179  24 193 154  47  59 141 197  26 174 194
 189 167  13 107  11 111  69  67  45 120 129  40  76  54 195 192
 186 175 138 183 132 185 186 114 128 193 193 143 117 181 194 190
 184 186 188 189 190 191 192 192 192 193 192 192 192 192 192 189
 183 186 178 179 172 175 179 186 183 182 187 191 172 190 190 188
 183 183 156 158 143 143 151 153 158 160 175 155  87 146 189 184
 181 182 146 154 161 130 119 150 138 132 169  82  61  79 187 183
 181 181 137 160 159 144 113 150 110 121 141  48  65  94 171 181
 179 176 128 130 137 133 156 140 153 141 117 115 122 128 177 183
 175 176 136 144 114 160 104 133  90 138 124 146 112 113 179 181
 174 173 121 126 128 143 130 128 108 130 132 138 124 118 177 178
 155 160 163 164 165 159 165 169 168 168 165 169 169 171 171 170
 186 188 189 190 190 191 192 193 191 193 194 193 194 194 194 197
 188 175 109 191 102 192 178 109 117 190 197 125 105 172 196 200
 188 175  61 190  47 189  82 121 107 116 132  88 134  67 193 198
 186 175  64 184  54 176  65 191 176  64  78 151 196  72 164 197
 184 171  56 180  52 177  59 184 165  71  88 148 193  64 169 195
 182 175  49 120  47 117  98  87  74 130 146  69  97  75 191 192
 181 175 149 183 141 181 185 127 136 188 188 150 127 176 189 188
 180 184 184 186 187 187 189 188 188 190 189 189 189 189 188 189
 180 182 175 178 170 173 175 181 179 179 184 187 172 186 186 189
 181 180 161 166 149 148 156 155 165 164 177 160 104 151 185 186
 178 181 158 156 165 141 135 155 149 146 173 103  82  97 181 185
 177 178 154 163 165 150 134 153 125 131 149  76  86 110 169 182
 176 176 144 144 154 146 157 150 156 149 131 126 136 140 176 186
 175 177 151 153 133 166 120 138 112 140 141 153 125 134 176 185
 175 174 134 134 140 150 144 136 123 137 145 145 133 134 172 180
 160 163 163 164 165 158 163 167 167 167 163 167 167 170 171 176

 194 195 193 193 191 191 186 186 186 185 182 179 184 180 178 164
 201 202 200 174 179 197 194 194 192 191 189 177 182 181 178 171
 201 173  47  40  37  69 182 194 192 154  87 105 136 123 130 171
 199  86 112 196 192  78 124 194 173  91  70  75 136 121 132 168
 198 105  76 154 145  46 144 194 192 158  89  56 125 153 148 169
 199 196 110  55  61 128 194 194 189 179 169 141 127 129 143 165
 198 194 106  47  57 129 195 195 184 163 143 132 149 142 142 168
 197 104  75 164 149  51 136 193 183 163 144 119 159  93 117 168
 197  85 110 198 191  69 117 192 186 159 158 159 147 140 136 168
 196 173  54  44  31  70 188 193 180 156 124 122 158 110 143 163
 195 197 193 171 174 115 185 192 177 147 141 153 142 157 149 158
 195  82  23  28  25  20 137 190 174 149 162 162 147 125 136 166
 195 188 186 182 182 113 186 190 182 165 158 166 143 149 133 165
 193  89  37  40  30  21 144 190 180 162 152 146 138 141 127 163
 192 176 167 167 165 170 179 189 187 184 184 179 179 179 173 161
 192 192 192 191 190 190 187 186 185 185 184 179 179 177 176 158
 199 199 197 196 194 192 190 189 188 184 183 181 183 181 178 170
 201 201 199 168 174 195 194 192 190 189 187 171 177 179 177 171
 200 170  38  33  26  54 181 192 190 146  79  94 128 113 118 171
 201  82 112 199 197  76 117 192 172  87  61  65 122 112 124 169
 200 103  66 149 141  40 143 192 191 155  82  48 115 146 138 169
 200 197 107  50  59 129 193 192 187 175 169 141 117 124 132 165
 200 194 104  41  47 120 193 193 182 160 132 121 141 138 130 168
 199 101  75 166 154  45 128 192 183 158 138 110 153  90 108 168
 199  84 106 198 193  67 114 192 186 153 150 150 140 133 128 169
 199 173  45  32  24  69 186 192 179 151 119 113 156 104 130 165
 197 197 195 172 179 111 185 191 175 143 130 144 133 160 143 159
 197  76  10  15  16  11 132 190 172 143 161 159 137 114 128 165
 197 191 192 184 182 107 183 189 179 158 154 160 130 144 126 164
 196  87  30  32  24  13 138 188 178 156 146 137 128 136 121 163
 194 176 172 168 164 167 175 186 186 183 182 181 176 176 173 160
 194 194 192 189 187 189 186 184 183 183 181 181 179 175 174 155
 197 200 198 197 195 192 188 189 189 186 185 182 186 185 180 176
 194 196 193 164 169 191 189 188 186 185 181 169 176 176 172 171
 194 172  67  72  64  75 176 189 186 151  97 110 140 134 134 170
 194 105 134 196 193  97 127 189 172 104  82  86 136 125 133 167
 193 125  88 151 148  69 150 189 187 160 103  76 126 153 145 167
 194 197 132  78  88 146 188 189 184 177 173 149 131 141 145 163
 193 190 116  64  71 130 188 190 179 164 146 131 149 140 137 167
 191 117 107 176 165  74 136 188 179 165 149 125 156 112 123 167
 193 109 121 191 184  87 127 188 181 155 155 153 150 138 136 167
 192 178  82  65  59  98 185 189 175 156 135 134 157 120 144 163
 191 192 189 176 177 117 181 187 173 148 141 150 146 166 150 158
 190 102  47  54  52  47 141 187 170 149 165 165 154 133 140 165
 190 191 190 184 180 120 183 186 178 166 156 163 144 153 134 164
 189 109  61  64  56  49 149 184 175 161 158 154 144 151 134 163
 188 175 175 175 171 175 175 184 182 180 181 178 176 177 174 163
 186 188 188 186 184 182 181 180 180 181 178 177 176 175 175 160

