 198 203 203 205 206 207 209 210 211 210 211 210 210 210 212 212
 203 204 177 174 183 177 180 174 176 178 191 178 197 186 211 216
 202 208 172 167 184 185 183 157 186 173 197 177 211 189 220 219
 205 204 180 164 160 178 196 197 191 198 187 194 197 194 214 221
 206 197 154 148 139 188 179 183 201 179 194 205 215 180 222 222
 208 211 166 148 162 213 193 198 204 190 195 206 221 194 228 227
 209 217 191 165 207 211 205 206 205 205 202 201 209 210 230 229
 211 220 221 221 226 224 223 225 227 223 222 224 223 228 232 230
 213 220 224 225 227 229 231 232 234 235 235 234 235 236 235 232
 213 188 138 188 225 218 157 157 231 233 191 142 208 236 194 209
 201  82 133  71 201 125 116 101 131 198  78 138  73 189  57 174
 159 130 220 131 141  71 225 224  71 139 162 238 120 182 113 162
 155 129 226 145 135  76 230 227  77 126 165 241 130 184 105 180
 200  69 157  73 198 108 132 123 129 189  80 171  81 228 108 183
 215 175 120 177 229 219 128 141 227 239 166 122 198 244 155 199
 217 223 225 227 230 232 233 235 237 239 238 239 241 243 242 243
 205 204 203 204 206 207 210 209 211 212 212 212 212 212 214 214
 205 205 153 155 175 170 167 159 167 164 186 162 193 167 207 213
 208 206 152 146 173 179 170 146 178 156 190 166 207 165 215 214
 209 201 171 153 142 170 195 195 184 193 179 186 192 184 211 218
 212 194 139 133 126 183 168 169 198 165 186 200 217 170 220 220
 212 209 150 130 150 213 181 186 202 171 185 201 217 181 222 222
 215 217 186 154 206 208 202 198 204 197 195 198 204 207 225 223
 216 218 218 218 222 218 219 219 223 219 217 222 220 225 228 225
 216 219 221 221 223 225 227 228 228 229 230 230 230 230 230 228
 217 178 117 178 224 215 138 141 230 230 178 123 200 229 178 200
 199  56 133  50 201  95 111  86 120 187  55 133  54 178  38 169
 142 124 224 111 128  40 232 219  47 114 151 236 100 170  95 154
 135 119 225 115 127  42 232 216  42 108 157 238 112 174  82 170
 198  45 147  47 197  81 117 100 108 176  61 163  60 225  77 182
 223 168 105 173 231 214 110 125 227 237 148 102 192 238 125 189
 226 227 229 230 232 234 235 237 238 238 239 240 241 242 241 242
 186 185 183 184 186 188 191 191 192 193 194 191 192 192 194 193
 187 183 161 147 169 168 160 160 159 162 175 157 180 171 192 193
 189 188 155 147 170 177 163 148 167 162 187 159 197 172 198 195
 189 180 159 145 142 165 181 184 174 183 169 176 179 177 194 198
 192 175 139 138 132 174 165 165 181 165 169 192 195 168 200 199
 194 189 150 138 145 196 176 180 185 170 174 193 197 179 204 201
 195 195 172 148 188 188 186 187 188 184 178 184 189 190 206 202
 195 198 198 198 202 199 199 202 204 199 198 201 201 205 207 205
 198 197 199 200 203 204 206 207 208 208 209 209 209 209 209 206
 198 167 131 176 202 194 144 154 212 210 172 139 194 208 175 189
 181  88 138  80 191 107 132 105 142 174  93 141  96 168  77 175
 140 142 202 113 145  73 214 195  85 124 168 214 117 178 113 169
 131 139 205 117 138  84 214 196  79 120 170 217 123 180 108 182
 179  77 151  74 193 103 139 114 135 168  98 166  99 212 103 184
 204 158 119 173 209 195 121 140 211 214 153 124 190 216 140 190
 203 204 204 207 210 211 212 213 213 213 214 215 217 217 218 218

 212 216 219 221 222 227 229 230 232 209 174 162 180 183 199 243
 212 211 220 214 222 228 230 232 235 194  57 113 105 108 155 242
 210 186 189 194 180 194 210 228 236 236 189 182 184 228 244 243
 210 197 211 197 215 221 209 223 235 208  73 120 130  81 198 241
 210 178 177 194 205 206 201 224 234 142 138 238 241 171 122 239
 211 191 197 187 194 195 202 222 235 191  78 162 165  80 166 238
 210 178 173 198 179 190 205 223 235 233 198 139 126 189 239 239
 211 176 186 191 201 204 205 227 234 231 131  71  77 129 227 237
 210 174 157 197 183 198 206 225 232 157 101 224 227 123 141 235
 209 180 183 196 179 193 205 223 231 157 116 225 230 132 128 233
 207 177 185 178 188 213 211 224 229 218 125  71  76 108 219 232
 206 183 184 160 139 162 207 226 227 225 201 141 135 198 229 230
 205 174 167 164 148 148 165 221 225 188  71 131 145  73 177 227
 203 177 172 180 154 166 191 221 224 138 133 220 226 157 120 225
 203 204 208 204 197 211 217 220 220 188  82 130 129  69 175 223
 198 203 202 205 206 208 209 211 213 213 201 159 155 200 215 217
 214 213 214 218 220 222 223 225 228 200 169 154 170 182 189 242
 214 207 215 211 220 222 225 228 230 178  38  95  82  77 125 241
 212 167 165 184 170 181 207 225 230 229 178 170 174 225 238 242
 212 193 207 192 217 217 204 220 230 200  54 100 112  60 192 241
 212 162 166 186 200 201 198 222 230 123 133 236 238 163 102 240
 212 186 190 179 186 185 195 217 230 178  55 151 157  61 148 239
 212 164 156 193 165 171 197 219 229 230 187 114 108 176 237 238
 211 167 178 184 198 202 204 223 228 230 120  47  42 108 227 238
 209 159 146 195 169 186 198 219 228 141  86 219 216 100 125 237
 210 167 170 195 168 181 202 219 227 138 111 232 232 117 110 235
 207 170 179 170 183 213 208 218 225 215  95  40  42  81 214 234
 206 175 173 142 126 150 206 222 223 224 201 128 127 197 231 232
 204 155 146 153 133 130 154 218 221 178  50 111 115  47 173 230
 203 153 152 171 139 150 186 218 221 117 133 224 225 147 105 229
 204 205 206 201 194 209 217 218 219 178  56 124 119  45 168 227
 205 205 208 209 212 212 215 216 216 217 199 142 135 198 223 226
 193 193 195 198 199 201 202 205 206 189 175 169 182 184 190 218
 194 192 198 194 200 204 206 207 209 175  77 113 108 103 140 218
 192 171 172 177 168 179 190 205 209 208 168 178 180 212 216 217
 192 180 197 179 195 197 189 201 209 194  96 117 123  99 190 217
 191 157 159 176 192 193 184 201 209 139 141 214 217 166 124 215
 194 175 187 169 169 174 178 198 209 172  93 168 170  98 153 214
 193 162 162 183 165 170 184 199 208 210 174 124 120 168 214 213
 192 159 167 174 181 185 188 204 208 212 142  85  79 135 211 213
 191 160 148 184 165 180 187 202 207 154 105 195 196 114 140 213
 191 160 163 181 165 176 186 199 206 144 132 214 214 139 121 212
 188 168 177 165 174 196 188 199 204 194 107  73  84 103 195 211
 186 169 170 142 132 145 188 202 203 202 191 145 138 193 209 210
 184 147 147 145 138 138 148 198 200 176  80 113 117  74 173 207
 183 161 155 159 139 150 172 198 199 131 138 202 205 151 119 204
 185 183 188 180 175 189 195 198 197 167  88 142 139  77 158 204
 186 187 189 189 192 194 195 195 198 198 181 140 131 179 204 203

 243 242 243 241 239 238 239 237 235 233 232 230 227 225 223 217
 199 155 244 198 122 166 239 227 141 128 219 229 177 120 175 215
 183 108 228  81 171  80 189 129 123 132 108 198  73 157  69 200
 180 105 184 130 241 165 126  77 227 230  76 135 145 226 129 155
 162 113 182 120 238 162 139  71 224 225  71 141 131 220 130 159
 174  57 189  73 138  78 198 131 101 116 125 201  71 133  82 201
 209 194 236 208 142 191 233 231 157 157 218 225 188 138 188 213
 232 235 236 235 234 235 235 234 232 231 229 227 225 224 220 213
 230 232 228 223 224 222 223 227 225 223 224 226 221 221 220 211
 229 230 210 209 201 202 205 205 206 205 211 207 165 191 217 209
 227 228 194 221 206 195 190 204 198 193 213 162 148 166 211 208
 222 222 180 215 205 194 179 201 183 179 188 139 148 154 197 206
 221 214 194 197 194 187 198 191 197 196 178 160 164 180 204 205
 219 220 189 211 177 197 173 186 157 183 185 184 167 172 208 202
 216 211 186 197 178 191 178 176 174 180 177 183 174 177 204 203
 212 212 210 210 210 211 210 211 210 209 207 206 205 203 203 198
 242 241 242 241 240 239 238 238 237 235 234 232 230 229 227 226
 189 125 238 192 102 148 237 227 125 110 214 231 173 105 168 223
 182  77 225  60 163  61 176 108 100 117  81 197  47 147  45 198
 170  82 174 112 238 157 108  42 216 232  42 127 115 225 119 135
 154  95 170 100 236 151 114  47 219 232  40 128 111 224 124 142
 169  38 178  54 133  55 187 120  86 111  95 201  50 133  56 199
 200 178 229 200 123 178 230 230 141 138 215 224 178 117 178 217
 228 230 230 230 230 230 229 228 228 227 225 223 221 221 219 216
 225 228 225 220 222 217 219 223 219 219 218 222 218 218 218 216
 223 225 207 204 198 195 197 204 198 202 208 206 154 186 217 215
 222 222 181 217 201 185 171 202 186 181 213 150 130 150 209 212
 220 220 170 217 200 186 165 198 169 168 183 126 133 139 194 212
 218 211 184 192 186 179 193 184 195 195 170 142 153 171 201 209
 214 215 165 207 166 190 156 178 146 170 179 173 146 152 206 208
 213 207 167 193 162 186 164 167 159 167 170 175 155 153 205 205
 214 214 212 212 212 212 212 211 209 210 207 206 204 203 204 205
 218 218 217 217 215 214 213 213 213 212 211 210 207 204 204 203
 190 140 216 190 124 153 214 211 140 121 195 209 173 119 158 204
 184 103 212  99 166  98 168 135 114 139 103 193  74 151  77 179
 182 108 180 123 217 170 120  79 196 214  84 138 117 205 139 131
 169 113 178 117 214 168 124  85 195 214  73 145 113 202 142 140
 175  77 168  96 141  93 174 142 105 132 107 191  80 138  88 181
 189 175 208 194 139 172 210 212 154 144 194 202 176 131 167 198
 206 209 209 209 209 209 208 208 207 206 204 203 200 199 197 198
 205 207 205 201 201 198 199 204 202 199 199 202 198 198 198 195
 202 206 190 189 184 178 184 188 187 186 188 188 148 172 195 195
 201 204 179 197 193 174 170 185 180 176 196 145 138 150 189 194
 199 200 168 195 192 169 165 181 165 165 174 132 138 139 175 192
 198 194 177 179 176 169 183 174 184 181 165 142 145 159 180 189
 195 198 172 197 159 187 162 167 148 163 177 170 147 155 188 189
 193 192 171 180 157 175 162 159 160 160 168 169 147 161 183 187
 193 194 192 192 191 194 193 192 191 191 188 186 184 183 185 186

 217 215 200 155 159 201 213 213 211 209 208 206 205 202 203 198
 223 175  69 129 130  82 188 220 220 217 211 197 204 208 204 203
 225 120 157 226 220 133 138 224 221 191 166 154 180 172 177 203
 227 177  73 145 131  71 188 225 221 165 148 148 164 167 174 205
 230 229 198 135 141 201 225 227 226 207 162 139 160 184 183 206
 232 219 108  76  71 125 218 229 224 211 213 188 178 185 177 207
 233 128 132 230 225 116 157 231 223 205 193 179 196 183 180 209
 235 141 123 227 224 101 157 232 225 206 198 183 197 157 174 210
 237 227 129  77  71 131 231 234 227 205 204 201 191 186 176 211
 239 239 189 126 139 198 233 235 223 205 190 179 198 173 178 210
 238 166  80 165 162  78 191 235 222 202 195 194 187 197 191 211
 239 122 171 241 238 138 142 234 224 201 206 205 194 177 178 210
 241 198  81 130 120  73 208 235 223 209 221 215 197 211 197 210
 243 244 228 184 182 189 236 236 228 210 194 180 194 189 186 210
 242 155 108 105 113  57 194 235 232 230 228 222 214 220 211 212
 243 199 183 180 162 174 209 232 230 229 227 222 221 219 216 212
 226 223 198 135 142 199 217 216 216 215 212 212 209 208 205 205
 227 168  45 119 124  56 178 219 218 217 209 194 201 206 205 204
 229 105 147 225 224 133 117 221 218 186 150 139 171 152 153 203
 230 173  47 115 111  50 178 221 218 154 130 133 153 146 155 204
 232 231 197 127 128 201 224 223 222 206 150 126 142 173 175 206
 234 214  81  42  40  95 215 225 218 208 213 183 170 179 170 207
 235 110 117 232 232 111 138 227 219 202 181 168 195 170 167 210
 237 125 100 216 219  86 141 228 219 198 186 169 195 146 159 209
 238 227 108  42  47 120 230 228 223 204 202 198 184 178 167 211
 238 237 176 108 114 187 230 229 219 197 171 165 193 156 164 212
 239 148  61 157 151  55 178 230 217 195 185 186 179 190 186 212
 240 102 163 238 236 133 123 230 222 198 201 200 186 166 162 212
 241 192  60 112 100  54 200 230 220 204 217 217 192 207 193 212
 242 238 225 174 170 178 229 230 225 207 181 170 184 165 167 212
 241 125  77  82  95  38 178 230 228 225 222 220 211 215 207 214
 242 189 182 170 154 169 200 228 225 223 222 220 218 214 213 214
 203 204 179 131 140 181 198 198 195 195 194 192 189 189 187 186
 204 158  77 139 142  88 167 197 198 195 189 175 180 188 183 185
 204 119 151 205 202 138 131 199 198 172 150 139 159 155 161 183
 207 173  74 117 113  80 176 200 198 148 138 138 145 147 147 184
 210 209 193 138 145 191 202 203 202 188 145 132 142 170 169 186
 211 195 103  84  73 107 194 204 199 188 196 174 165 177 168 188
 212 121 139 214 214 132 144 206 199 186 176 165 181 163 160 191
 213 140 114 196 195 105 154 207 202 187 180 165 184 148 160 191
 213 211 135  79  85 142 212 208 204 188 185 181 174 167 159 192
 213 214 168 120 124 174 210 208 199 184 170 165 183 162 162 193
 214 153  98 170 168  93 172 209 198 178 174 169 169 187 175 194
 215 124 166 217 214 141 139 209 201 184 193 192 176 159 157 191
 217 190  99 123 117  96 194 209 201 189 197 195 179 197 180 192
 217 216 212 180 178 168 208 209 205 190 179 168 177 172 171 192
 218 140 103 108 113  77 175 209 207 206 204 200 194 198 192 194
 218 190 184 182 169 175 189 206 205 202 201 199 198 195 193 193

